  1.000000  0.000000  1.000000  3.000000  0.000000  0.000000
  1.100000  0.116548  1.346897  3.956010  0.116548  0.000000
  1.200000  0.272738  1.794476  5.010512  0.272738  0.000000
  1.300000  0.479101  2.351740  6.147399  0.479102  0.000001
  1.400000  0.746997  3.026299  7.354687  0.746998  0.000001
  1.500000  1.088491  3.824716  8.623231  1.088493  0.000002
  1.600000  1.516262  4.752746  9.945893  1.516265  0.000003
  1.700000  2.043532  5.815507  11.316993  2.043536  0.000004
  1.800000  2.684009  7.017604  12.731928  2.684015  0.000006
  1.900000  3.451838  8.363226  14.186908  3.451846  0.000008
  2.000000  4.361567  9.856214  15.678768  4.361578  0.000011
