  1.000000  1.000000  0.000000  1.000000  0.000000
  1.100000  0.990178  -0.194513  0.990179  0.000001
  1.200000  0.961524  -0.376187  0.961526  0.000001
  1.300000  0.915455  -0.542409  0.915457  0.000002
  1.400000  0.853637  -0.690774  0.853640  0.000003
  1.500000  0.777969  -0.819058  0.777972  0.000003
  1.600000  0.690563  -0.925190  0.690567  0.000004
  1.700000  0.593734  -1.007230  0.593738  0.000005
  1.800000  0.489981  -1.063361  0.489986  0.000005
  1.900000  0.381982  -1.091865  0.381988  0.000006
  2.000000  0.272582  -1.091121  0.272589  0.000006
